444.48
186.23
478.26
128.75
474.96
131.51
482.96
251.68
245.89
228.28
172.31
130.57
200.38
418.81
206.70
482.80
418.13
325.19
424.50
415.74
367.53
125.19
253.22
205.93
445.04
257.60
265.22
225.86
200.15
412.71
273.03
306.60
339.18
237.83
210.01
210.21
316.97
123.46
388.78
306.64
118.94
246.25
218.07
333.69
122.32
123.51
436.59
192.33
329.03
229.97
425.34
365.16
183.77
411.17
361.80
373.18
438.54
318.36
122.70
426.48
121.03
213.83
242.80
182.06
414.72
345.97
267.08
431.00
435.41
430.36
223.26
328.98
130.22
485.63
210.52
359.93
164.44
365.97
310.52
204.51
210.50
207.34
208.39
176.17
331.29
416.21
242.11
238.71
183.86
240.42
248.85
293.48
350.44
174.20
321.07
335.07
434.36
262.92
332.61
324.35
808.49
1458.06
876.34
1699.79
1244.62
614.90
935.61
1483.42
814.05
1470.10
802.99
1523.72
1522.12
1653.33
1587.53
1514.56
802.01
775.39
1321.03
809.19
1667.13
1686.79
867.68
1213.46
810.90
1639.85
843.72
812.79
621.39
824.65
1498.96
973.38
1135.10
909.95
1421.39
773.20
1158.88
1480.07
1466.58
851.67
678.89
973.87
1033.54
855.61
854.75
1348.46
1672.17
1410.51
892.05
1487.83
868.49
1530.30
987.98
1559.12
1334.33
707.65
1291.89
1132.14
813.46
795.78
1366.12
582.09
1127.93
976.19
1505.35
1444.42
802.18
834.15
1747.73
451.56
762.66
928.40
848.27
1226.47
1259.83
1442.31
1425.30
796.07
762.78
639.24
1501.17
1328.79
814.44
1670.74
958.01
1144.98
843.66
911.64
749.02
1345.19
1605.02
1277.64
927.68
553.87
477.64
1222.55
944.79
734.68
704.82
832.37
1892.29
1584.91
1496.92
958.72
1622.05
2019.58
1130.05
867.56
1238.51
1712.90
1543.24
1336.30
1512.12
1044.47
1658.78
1766.71
1545.16
1136.95
1881.84
1548.83
1016.69
1389.50
1899.38
1669.91
1743.06
1458.76
1411.84
1581.19
1055.26
1634.83
666.91
1585.44
1172.27
1613.86
1081.04
1817.74
1214.60
1599.17
1664.16
1580.18
1143.66
1546.28
739.29
1608.08
1717.11
1841.45
2018.16
1844.03
1633.19
1760.42
1232.25
1213.73
1976.94
1624.57
1845.84
1057.55
1514.15
852.99
1465.76
1198.95
1531.77
1714.65
1862.00
1367.66
1520.33
1734.10
1716.37
1235.23
1485.94
1887.29
1602.23
1800.38
1518.90
1201.19
970.16
952.55
1859.77
1384.01
1561.48
922.31
1923.27
1066.49
1533.29
2013.43
1474.54
1909.03
1807.01
1058.67
1668.52
1171.88
1966.31
1895.29
2061.68
1943.69
1050.56
1495.90
841.70
1850.38
1649.95
1711.03
1459.79
991.13
1380.30
803.71
1407.35
798.38
1062.21
1481.17
1344.83
1498.88
1031.31
1246.19
1103.62
1277.34
1250.68
843.79
1014.29
660.61
1152.92
1096.74
1612.48
883.72
757.49
1356.31
1552.65
1027.83
1276.99
1421.60
1196.51
940.35
632.39
694.58
634.65
1915.24
1283.99
758.62
773.53
678.57
939.29
1002.43
726.42
863.32
1192.13
1352.76
966.24
1151.58
1371.38
646.29
1035.11
1234.43
1813.15
1040.11
633.40
1235.34
643.71
734.67
1352.43
1374.20
625.14
742.66
762.02
975.05
1932.30
1275.74
652.65
1689.05
1363.37
903.71
730.10
1204.34
1021.94
1114.32
1341.93
1270.66
1362.74
1163.47
1386.89
618.16
746.08
1175.89
774.39
949.35
1360.06
596.54
1146.02
739.22
1929.83
516.38
788.98
1387.59
627.47
965.70
699.95
1395.97
1744.37
1086.37
1431.20
846.03
1131.03
1647.20
950.83
735.08
865.97
959.31
648.29
564.48
1000.70
901.07
500.58
1166.86
627.82
1224.06
742.79
969.08
667.21
648.43
1112.68
556.19
1365.90
560.54
1103.14
509.16
840.41
888.29
710.16
849.46
1300.04
644.74
455.89
1343.24
438.42
735.90
690.85
1053.86
615.21
1403.45
919.86
833.55
746.51
1060.89
1032.30
907.70
621.89
650.09
549.78
1049.78
623.25
813.00
1121.22
724.63
296.20
245.54
324.86
730.42
1162.11
548.97
992.81
793.63
572.24
863.62
777.80
751.83
796.82
752.64
1199.11
492.20
847.31
1151.68
1186.58
327.02
742.95
774.95
1205.87
1055.79
725.35
782.74
1208.25
1110.72
821.65
377.73
587.31
704.21
288.49
342.22
695.12
639.58
1223.55
912.85
745.03
1142.19
651.07
636.12
239.95
772.09
269.10
307.30
1215.84
709.09
795.87
779.64
1116.54
906.70
615.44
278.40
1117.44
241.90
786.19
632.23
888.26
635.58
758.72
745.13
632.15
556.28
284.98
913.88
747.12
1193.55
998.20
574.34
1004.96
766.98
1202.18
530.91
652.49
515.10
608.57
769.08
786.64
327.63
648.63
996.99
797.87
623.55
256.79
856.04
1032.08
304.68
1110.04
612.77
882.74
1084.90
740.60
266.88
507.64
274.77
1207.32
1086.71
351.12
804.79
1452.99
1201.16
1322.49
1417.29
1235.35
503.62
634.36
763.73
1106.73
1471.67
686.68
1421.21
962.40
672.20
1474.92
714.63
809.44
619.91
1005.78
1351.59
632.76
622.14
853.55
1511.47
1276.44
738.12
1455.53
625.28
1281.68
620.46
606.01
1154.40
619.73
595.14
786.69
1494.72
1338.81
909.99
1144.95
1318.74
1456.23
879.07
1081.31
1437.95
759.72
1459.50
1369.40
1184.13
697.75
1234.59
1455.42
749.30
1534.21
1409.29
629.37
1382.14
811.36
622.27
797.46
1502.14
877.04
678.06
1185.06
1566.10
1484.18
743.41
1107.37
1254.24
1445.34
656.38
1536.47
482.98
1422.22
497.49
888.92
1312.12
1309.59
735.63
1476.83
1042.33
678.36
680.68
696.92
1495.11
947.87
675.10
1509.18
1421.16
843.68
1488.32
553.06
797.64
718.43
995.10
975.18
1167.82
642.94
1314.68
1442.07
816.39
1816.32
2100.78
2038.52
1902.71
1753.72
1986.03
2073.84
2037.04
2034.07
1981.88
1984.44
1994.48
1732.30
1989.22
1898.91
1858.10
1846.39
2048.63
1845.02
1824.54
1825.60
1740.48
2026.06
1960.00
2016.91
1855.19
1889.92
2030.62
1792.33
2087.83
1823.90
1896.57
2000.90
1943.76
2098.86
1798.16
1831.34
1853.75
1942.96
1824.65
1835.29
1905.31
1995.25
1786.33
1752.22
1906.20
1875.83
1777.50
2171.04
2139.56
1843.63
1962.82
1817.44
1983.21
1981.12
1928.32
2002.37
2106.20
1870.29
1798.42
1769.00
1923.01
1840.14
1982.46
1989.84
1853.76
2022.51
1842.29
1969.97
1809.99
2183.04
2028.17
1886.07
1965.45
1830.55
2035.48
1904.55
2082.34
1956.09
1862.40
1983.58
1881.46
1766.54
1976.45
1957.57
1871.67
1949.14
1809.42
1876.52
2055.07
1806.29
1952.90
2152.41
1863.61
1983.00
1772.91
1971.33
2101.40
1764.37
1993.84
1338.27
1204.05
883.90
1858.64
1513.77
737.45
1308.56
1344.80
569.24
1137.91
2202.35
1532.03
1798.59
1745.73
1544.97
1926.58
1725.15
1881.82
1759.25
1406.22
1376.89
2196.65
1760.01
1871.47
1242.45
1405.33
1631.90
868.25
1977.49
1527.58
1705.44
1575.87
1787.00
1097.67
1428.03
2043.87
622.93
1906.16
1689.12
371.02
1933.70
1871.71
1162.56
651.78
1333.22
1720.95
1871.78
703.41
1588.14
1382.24
1526.76
1433.14
1259.94
2103.95
1560.36
1062.99
1392.99
1919.02
1229.27
1880.57
1319.42
1089.53
810.95
147.34
1392.57
1212.34
1176.98
1992.64
1344.85
842.45
1585.57
1396.61
1354.94
441.85
1528.09
1569.72
1393.52
1534.11
703.21
1617.49
1214.71
921.52
1491.37
1922.84
629.41
1526.11
1472.90
1751.61
960.90
1805.43
2172.18
924.60
1262.70
1322.20
1423.14
1759.39
1768.35
1295.85
1031.50
1269.01
1369.33
1821.05
1554.96
1806.93
1854.86
1844.14
1833.59
1810.33
1357.42
1652.85
1372.84
1250.20
1161.46
1451.68
1449.58
1294.16
1421.34
1450.00
1322.29
1598.63
924.57
1613.81
1789.16
1218.73
1249.06
2153.82
1146.53
1577.70
1532.84
1901.52
502.67
1457.22
1341.90
1098.15
602.41
1491.97
1210.08
1176.77
1727.55
1255.66
923.48
1386.93
800.92
1882.16
1043.71
2005.29
1895.27
1095.99
841.39
1732.99
1665.99
1579.09
1773.46
2142.35
1417.46
753.03
1646.62
682.50
1151.53
1868.29
1954.52
774.72
720.68
1379.35
1574.10
1192.55
802.92
1728.00
1544.10
1926.69
1878.91
1836.02
952.15
1677.77
987.14
1443.24
1701.97
1970.19
1675.70
1675.63
975.53
1801.03
1857.10
1577.96
1645.08
1389.83
553.87
1066.30
739.43
1445.84
1977.13
1977.58
1309.85
1485.69
1186.27
1532.86
1656.45
1792.73
1350.58
1655.55
1474.37
1404.06
1879.16
1571.24
1130.68
1668.97
1345.64
1496.83
1596.80
1925.24
1473.76
1610.53
1797.39
1507.66
1577.83
2172.61
1911.78
2082.08
1551.36
979.79
1140.21
2074.97
1965.82
1965.80
1367.31
1733.70
906.09
499.34
1415.11
1549.95
1190.73
1053.31
1106.32
1879.31
1985.79
1619.37
1762.81
1939.56
2039.58
1716.63
1576.50
1644.93
1836.81
1473.05
2008.24
1457.23
1318.36
1799.15
1781.96
1841.38
527.34
681.15
1916.28
1553.95
1741.03
2078.40
1648.60
1961.46
1619.83
2012.34
1137.00
1781.81
856.07
1549.18
1657.52
1671.67
1128.92
1450.59
1049.44
1839.19
1646.43
729.77
1582.18
1806.97
758.14
1235.48
1606.90
1808.59
1810.82
854.39
964.73
832.51
912.42
1518.45
1397.40
760.32
1762.50
1083.02
1064.74
1817.24
1550.76
1046.44
1780.74
1279.50
1116.57
1571.57
599.46
1356.84
1211.57
1712.39
743.45
1324.60
1046.34
1920.63
1466.77
1464.26
1767.71
1704.87
930.51
1927.43
1681.80
1076.51
1165.15
1629.48
1561.35
991.52
1738.22
1771.05
1678.04
1601.94
1488.03
1754.72
877.27
1360.49
1331.87
1629.76
1203.88
1621.11
1854.95
907.35
1496.34
1240.92
1818.39
1492.74
1334.62
642.98
1208.02
1901.50
1660.79
910.42
1873.05
1314.26
1247.89
1858.14
1514.89
1390.64
645.77
1095.93
1827.54
1601.67
917.53
926.02
1856.05
1048.49
1346.87
1730.33
1638.86
1475.86
838.93
1830.13
1582.54
1789.39
1831.29
1388.90
1531.97
1580.15
1893.97
859.64
1693.23
1582.75
1546.04
1418.54
1751.94
755.10
1630.93
1401.51
1889.62
2045.94
1590.75
1659.21
1323.02
1791.05
1671.27
977.07
932.67
1269.92
1219.42
1477.53
1778.23
2090.22
1513.81
1298.80
1233.12
1223.82
1471.37
1134.26
1930.30
1743.20
1778.77
1268.08
1659.40
1631.40
287.29
2176.27
1373.10
1678.53
1633.66
1842.35
1850.62
925.38
635.88
1218.40
694.70
1889.70
1755.59
1900.49
460.08
1362.94
1718.75
1531.31
1598.10
1448.77
1185.39
1751.51
1056.39
1675.16
1672.45
1481.42
1954.81
1753.21
713.02
1614.17
615.70
1629.09
1782.81
1825.15
860.03
1453.93
1206.28
946.30
1651.56
947.21
1655.12
1669.20
1691.15
1938.93
1834.80
1511.24
1196.23
1197.28
1729.51
1229.67
1586.51
1515.02
649.93
1191.12
1356.96
991.23
1782.94
1335.08
2022.55
547.12
1759.15
1504.52
1853.15
1656.99
319.23
770.34
1788.14
624.26
1066.89
1550.94
1522.79
1698.36
1311.28
1771.05
1337.56
1748.13
763.69
1513.36
1536.73
1135.30
1468.44
1615.90
1626.00
456.27
1160.16
785.73
1470.39
1575.76
1099.14
1313.77
895.87
1051.56
1125.45
1570.93
1887.30
1914.62
1945.77
1339.91
1985.71
1797.46
1022.41
1253.90
792.67
1086.34
1501.77
1161.79
1759.35
1802.70
1551.66
799.77
1525.56
1252.23
1705.56
1736.97
1971.57
1243.52
1783.16
812.64
1530.30
1305.00
1107.44
1767.85
1391.80
1637.65
1777.22
895.54
1275.43
1555.54
736.56
1629.12
1366.49
826.99
1906.48
1483.73
2206.53
1198.36
500.37
1094.59
1526.21
1888.10
1759.76
1733.88
1338.99
1399.75
1647.83
1635.21
1401.37
1453.55
1970.15
1380.81
1560.38
1423.31
1725.69
1803.86
1802.40
1782.84
1294.97
1138.60
1186.01
1424.24
1557.51
989.20
1915.01
1556.08
779.41
1559.59
1963.63
1545.76
1262.35
1040.08
1561.77
1234.53
804.62
1344.67
944.89
1354.50
1199.97
1285.26
1631.41
932.67
1235.18
1283.29
1231.60
1520.19
1675.76
736.45
1701.61
1195.53
383.79
1375.26
929.34
1434.36
1047.49
1701.70
1209.97
1388.16
1306.35
1747.30
1111.73
1648.74
1207.80
1678.28
1888.58
2173.84
1714.00
1306.73
622.66
1783.87
1672.05
1508.76
1401.39
1553.81
1846.79
1420.06
1507.42
1483.12
1086.58
2093.97
1846.31
1939.94
1123.91
1391.60
1505.54
1645.69
1444.05
630.22
1834.38
1492.21
1823.75
1434.65
868.92
1702.25
1765.42
1434.99
1946.58
1559.99
1578.11
684.51
1484.92
2093.77
1384.50
1548.70
1917.54
1746.72
1505.63
1897.38
1558.91
1511.44
1550.75
1531.48
1583.17
2174.96
951.31
741.73
1877.01
1521.38
1315.31
359.43
1339.09
788.64
870.67
1867.13
967.86
1545.45
1736.31
1724.99
1351.57
1820.04
1403.21
1212.75
1390.22
1860.68
1581.11
1672.66
1671.23
1394.31
1000.46
1564.38
1535.81
1195.97
1487.93
1683.46
1589.74
1199.68
1707.69
1424.71
1611.83
1815.04
1134.08
1921.30
1506.99
1780.50
1023.06
2080.21
1677.42
1952.02
1312.50
998.42
1983.48
1783.07
1522.57
999.82
1350.34
1794.70
1589.27
1567.72
1344.37
419.30
1642.53
831.84
778.57
1265.30
2251.04
1292.12
1406.93
1684.90
1050.24
679.87
1401.56
1508.25
1412.93
1556.84
966.54
1076.47
1277.54
1487.36
1494.46
1395.00
1865.98
1641.45
1222.99
847.02
1493.99
1757.03
1560.05
1428.81
1490.94
675.77
1483.28
1073.38
852.59
1353.29
1669.81
1605.11
1891.63
1170.96
1716.16
936.62
1600.59
1869.84
968.51
1961.02
1215.32
1845.96
767.54
600.64
1475.83
1074.33
1752.49
1273.17
1815.17
1537.86
1469.91
1572.73
1238.88
890.39
1772.65
1721.52
565.31
1227.82
812.10
1027.20
853.09
1459.46
1477.68
1560.06
2064.26
656.04
664.03
502.17
1422.06
1079.18
1562.97
1027.07
2175.29
1561.44
306.74
1593.59
1272.20
647.83
1184.75
1481.98
851.57
1804.10
1822.72
1773.91
810.78
443.24
1496.29
1264.03
1491.90
1403.92
1169.08
1650.56
418.40
637.29
1687.88
1635.42
699.37
884.05
1146.63
1458.85
1515.23
1342.93
1868.37
333.81
1364.70
817.16
1544.73
1639.62
1796.81
1666.35
1480.71
1865.76
1395.55
1935.43
1221.26
1633.15
876.31
1513.12
1291.91
833.40
1596.67
1660.27
1604.75
1680.88
1424.62
1654.03
1454.25
1147.49
1325.87
1263.01
941.26
1755.82
1629.08
1540.85
1445.92
2013.88
1859.28
1791.81
435.52
1187.93
1277.35
1946.89
1575.07
1103.78
1388.57
961.62
1914.04
1691.31
2114.24
1652.88
1497.75
1094.80
2058.07
1741.64
537.23
1288.52
884.10
1348.92
1553.54
1523.35
1508.21
1623.98
1469.09
1660.34
1289.09
1176.24
1505.84
1385.25
780.21
1546.70
1512.42
1099.82
650.95
853.93
1373.24
1123.26
1521.19
983.53
1846.94
1729.21
703.08
1510.38
1447.18
1337.68
1208.78
1305.73
1794.97
1484.95
1833.87
2157.12
1768.06
1646.65
1404.71
1218.04
1517.31
1466.41
1770.24
1768.25
605.35
1787.81
1846.63
1844.96
1706.97
1301.92
1385.87
1134.69
1226.92
1767.01
778.56
328.87
846.87
568.78
1286.78
1006.33
859.63
662.99
1050.24
1572.12
1431.86
622.98
1050.82
1960.13
913.32
1811.11
1862.70
1549.40
1666.26
372.33
1456.35
1542.64
1014.97
1316.03
1258.57
1197.69
1946.35
1391.49
1511.57
712.48
2219.68
1169.38
1946.54
1209.19
1362.08
1393.27
1654.26
638.86
1438.91
441.06
1481.79
1715.24
1849.02
363.73
1734.74
931.29
1102.24
1000.45
1249.13
1718.47
1406.43
1548.32
1581.97
912.72
618.76
1158.54
1928.27
1872.55
1174.12
2116.80
1845.52
1668.32
953.74
1518.89
1480.62
778.12
1697.11
1167.40
1688.49
1328.33
1372.16
1666.95
1487.65
1363.01
1668.10
1769.22
1630.45
1499.93
1254.34
1554.76
1810.17
1078.16
1689.87
1219.58
948.26
1657.93
1537.54
1953.69
1005.25
1137.94
1105.04
1080.65
1885.17
1289.07
1988.03
636.94
1385.53
1448.07
1310.70
1482.54
1784.69
2004.37
1519.94
1206.71
1283.77
1772.16
2081.55
460.37
2024.93
766.13
930.01
1792.44
1018.62
1484.15
587.25
1888.79
1481.77
1904.35
1939.98
1267.69
1712.63
1508.61
1966.83
1638.74
1498.19
973.06
853.35
1591.54
899.35
1696.64
1394.85
1340.53
2254.45
1597.98
1598.54
1573.58
1157.17
1804.00
1761.23
1944.23
619.12
1012.45
1057.37
1395.93
1816.18
1781.65
1492.97
1828.43
1640.54
1516.24
1653.84
1741.94
1535.34
2014.27
1001.48
1407.97
914.74
1730.48
1739.20
1763.66
624.98
1315.95
802.10
1181.49
1283.08
1206.06
566.78
1402.59
1388.56
1615.75
1188.91
676.22
1126.67
1585.97
596.18
596.56
1647.51
1716.03
1225.23
1733.31
1672.93
1770.32
1653.62
1649.55
1386.62
1333.47
1737.85
1586.05
1264.60
771.38
1126.97
1133.65
1493.29
598.21
1529.64
1856.89
1754.12
1401.43
1477.96
937.21
1711.34
2137.28
1500.75
1106.80
1833.17
1167.62
1346.16
1540.41
1593.32
988.94
1202.00
1858.37
1670.22
1885.78
1466.63
1623.60
1750.15
1623.74
1872.24
1683.77
1500.36
1753.64
1404.87
1778.05
1337.42
1615.82
1348.05
1502.27
1498.51
1457.02
877.57
666.93
1730.12
1630.79
1238.03
856.16
1155.63
1482.22
1261.73
622.79
678.10
1538.57
1679.85
1590.91
1488.18
2003.22
1995.43
2028.65
1188.95
1495.85
1011.81
1233.37
967.94
1797.25
664.93
1686.01
1136.32
1722.13
1826.01
1421.85
1593.87
990.19
1498.98
1778.33
453.77
1372.74
1224.07
1459.02
1346.26
1573.22
725.77
1425.07
1392.46
210.94
759.89
1867.80
1521.60
910.66
1196.67
1810.68
637.65
666.82
1881.73
1717.91
1717.01
1911.23
1961.19
1235.41
1549.77
1272.42
1830.19
1690.59
1621.03
1597.43
2032.96
599.14
1759.29
1333.52
1506.21
1524.80
783.10
1226.50
1514.18
1500.68
801.64
1408.24
1892.32
1439.78
927.26
1529.02
1402.73
1703.84
1874.76
1836.83
555.17
225.27
671.82
1483.08
1730.47
1842.26
1583.24
1564.59
1800.34
1734.59
1536.23
637.32
1729.89
1836.68
1569.94
1707.53
1920.82
1485.87
1925.46
1497.56
1248.44
1466.81
874.54
1718.31
1505.19
1763.47
1232.63
1460.12
251.82
1843.49
1432.90
1417.58
564.41
867.95
1820.39
1550.36
1718.89
998.45
1849.29
1391.76
907.59
1406.19
1313.68
888.38
639.28
1227.77
1848.06
1949.99
1438.65
635.59
1227.43
1144.51
992.77
1747.90
1335.40
1542.47
1311.58
1524.50
1560.94
1820.29
720.66
1373.22
1825.50
1703.41
393.17
1985.86
1508.78
2165.76
1766.10
804.84
1158.15
645.49
1687.77
1695.24
786.74
1126.40
1726.57
554.69
1051.81
865.53
1662.44
1502.72
2137.58
954.30
1263.39
1264.66
1599.69
1816.38
679.21
1882.61
1340.90
1483.23
673.54
1642.91
1501.70
1963.23
1798.11
726.01
1636.84
1203.03
1908.92
1402.10
1660.20
1705.36
738.49
1193.58
1030.93
965.22
1502.85
1511.49
1647.78
1476.80
1368.24
1552.35
1309.93
1427.08
1416.61
2024.76
1035.36
1829.68
1591.47
1672.01
1482.82
1079.19
1506.29
1908.92
1707.65
833.95
1559.07
1538.66
2052.39
1660.05
1722.72
1839.82
1452.90
1494.01
1646.08
1796.21
1087.75
1541.98
797.81
1765.14
1830.25
433.94
1639.64
1884.30
1969.35
1540.64
1434.05
791.24
1169.84
1788.61
1138.93
1693.88
1262.99
806.07
1529.47
1524.85
1419.73
1822.45
1209.31
342.29
928.55
1774.18
2018.64
1835.02
1690.29
2051.75
1326.45
1572.86
1637.43
1590.92
1395.52
1504.02
1452.61
1674.12
1081.28
1511.22
1487.01
1149.09
1033.29
711.99
1850.30
1321.34
1224.39
892.11
1199.59
1552.45
1583.98
1089.69
1307.34
1732.59
865.50
1905.07
911.93
744.60
1723.80
1011.87
1717.94
1906.30
1038.07
1770.50
1749.03
1938.14
712.93
411.02
841.35
1548.69
1791.63
592.55
1755.99
1798.98
1317.94
1617.39
744.25
697.10
1722.43
722.57
109.44
1358.19
1866.75
1654.44
1623.49
1930.44
1658.71
1967.54
1642.68
1402.50
1281.93
1670.24
908.56
1487.80
1484.72
1791.60
1150.99
1619.90
1192.15
1625.56
1506.04
1465.50
1409.24
1019.39
1840.61
991.53
1757.77
2119.16
750.49
1695.97
119.66
1991.48
1359.99
1673.43
1732.91
967.78
1803.71
1961.87
1640.02
1588.31
643.69
1501.80
1706.42
1248.49
1457.06
1733.94
1003.23
1957.24
1591.99
1219.44
226.89
1920.91
447.78
306.57
1254.83
884.75
1806.49
1786.25
1505.55
1873.66
1576.69
1509.06
1563.05
1157.78
784.19
1678.20
1243.20
1514.58
1374.23
1457.07
1719.43
1618.60
1497.75
682.99
1514.61
1381.45
1847.76
1046.32
690.59
1114.90
1253.15
1324.39
993.31
1643.45
1550.04
1746.24
768.11
1529.48
846.50
2029.12
1952.73
1492.53
1219.54
1496.09
805.75
1738.79
1315.61
760.72
1604.90
1019.98
865.46
554.75
862.57
487.45
1820.32
1881.10
1655.69
1327.89
1191.55
342.22
1519.62
1719.97
1234.48
444.52
1643.61
1622.26
542.02
1355.42
710.91
1037.86
1162.39
1962.18
854.76
266.27
1282.50
1965.24
1509.81
1871.11
1905.42
1254.16
1639.27
1921.20
1263.74
939.62
1050.24
1758.04
1368.85
1622.99
960.46
1553.36
2141.58
1661.38
1216.22
1904.37
1882.36
1308.10
1722.97
1629.15
989.19
1895.74
1349.65
1212.63
1567.86
1777.45
1488.95
467.99
1506.09
808.30
1096.18
218.82
1727.27
1913.10
1698.39
1175.48
1239.99
1690.85
1917.48
1678.62
1266.52
1460.63
645.44
1826.22
1828.06
1075.71
1788.33
1275.37
1728.72
1741.09
1666.74
666.61
1085.10
1515.31
1829.57
1479.51
1206.57
1575.51
1349.98
1212.09
1791.18
1560.47
1805.22
1564.47
860.42
1765.48
1430.07
1695.48
1031.59
1602.08
1124.58
995.17
1488.81
1615.79
1520.42
1469.21
1877.76
1239.11
775.66
928.08
1767.06
1677.41
1689.27
1374.40
1246.20
1309.68
654.42
1978.67
1167.18
1989.60
1099.02
1674.77
640.31
1401.62
1304.89
1074.91
389.17
1731.60
1722.39
536.05
1128.39
2057.48
1844.69
1160.23
1885.85
1472.53
1565.80
1536.75
1514.14
2169.19
985.30
565.73
1928.01
1662.22
1530.55
1854.18
2194.78
1483.46
1615.65
1597.89
1394.26
1231.75
1210.42
1278.07
1402.51
1476.97
1990.89
1509.04
1582.07
1622.51
1707.62
1299.92
1819.40
1010.47
1402.58
1409.66
1636.21
2035.31
602.61
1263.05
1406.56
1923.59
1810.51
1153.01
1952.93
1635.60
1664.48
1750.37
894.74
862.84
1811.85
253.27
1854.64
1923.27
1976.44
1749.04
1436.41
1468.11
1516.75
1870.17
183.67
1629.35
1203.57
1240.09
2019.90
1272.65
1157.87
1441.30
1635.41
1647.61
1485.88
1598.87
1422.97
1811.58
797.05
1368.30
1130.07
1240.76
728.48
745.70
881.17
1558.70
635.71
1531.63
871.27
1473.76
1913.73
1921.94
1549.74
1865.54
1484.25
1337.78
1607.57
1976.07
1165.59
573.90
1158.19
1747.97
1651.41
1870.27
1897.60
683.80
420.90
1820.46
944.06
1796.22
856.78
1815.01
1102.50
1596.61
1197.75
1179.41
1237.14
1517.70
1995.64
1282.71
2015.80
1521.28
1329.22
1629.40
1732.18
1899.27
1697.63
1591.85
1252.43
2115.67
1124.68
818.28
1590.01
1206.24
1622.64
837.67
1319.42
1282.56
1688.21
1615.92
1880.05
1208.64
1374.09
1558.91
535.68
1688.68
1599.06
1875.35
1736.06
654.82
602.78
1647.82
1835.74
1223.60
1923.80
790.71
1201.93
1402.76
764.80
2169.83
1373.80
1098.98
1837.26
1864.53
1458.16
1002.15
903.65
1473.42
1589.82
1828.09
1508.47
1677.05
1586.44
1223.71
1880.59
1670.38
1365.71
1842.98
313.70
1721.66
1411.69
1668.71
620.86
650.30
1876.21
1749.01
1366.87
1036.61
1607.35
1926.10
1699.50
1351.77
1663.61
1672.10
1207.54
1627.25
1631.08
1485.79
1211.04
1296.57
940.35
1778.52
2074.64
1558.01
1954.55
2218.66
1810.54
1528.11
1655.59
690.85
890.62
1535.22
743.51
1502.68
1427.51
1879.63
864.90
1775.82
1658.97
1632.11
1678.50
1553.30
1786.25
528.27
980.31
705.03
1417.04
716.05
1879.37
1679.36
2115.60
1587.95
1329.97
1073.43
467.31
959.82
1772.07
1484.86
1650.44
1002.93
1021.16
1378.48
1335.67
1586.51
891.63
908.54
1541.87
1538.37
2058.45
819.79
1207.85
483.03
754.78
1747.10
1334.12
1802.94
1549.05
1631.08
1496.09
1864.52
1855.45
1069.21
1912.25
1505.16
1562.30
1012.59
1520.25
1760.80
438.57
1788.58
1901.96
1128.98
1515.02
995.88
1711.50
1197.95
1426.65
1501.95
1559.11
648.42
1702.63
1629.74
1613.22
944.72
1101.34
1861.78
692.71
1791.13
1914.19
854.03
1424.48
1859.97
1495.97
773.40
1816.00
1235.38
1238.70
1432.70
1799.20
975.14
1343.51
1958.34
1600.20
1192.61
1685.66
1617.50
1354.55
971.98
1483.50
1164.65
717.42
1195.71
1451.51
387.52
1557.29
528.68
1529.56
1288.39
1745.43
1769.43
1748.45
1462.18
1556.08
433.71
953.89
1657.29
1863.93
1205.75
1686.75
1921.62
1592.71
1484.76
1506.62
1184.19
1586.56
325.05
2251.43
1423.35
1063.88
790.40
679.84
1916.12
1403.32
1413.11
1969.31
1811.78
1333.44
1618.46
1542.58
1011.03
1834.29
1644.28
1615.16
1507.92
1506.02
1915.37
1558.87
1732.34
983.25
898.36
1684.78
1780.99
1428.34
1055.48
1973.89
1469.04
1705.71
1618.78
1590.77
1477.47
1209.14
1608.22
1329.08
1893.45
1247.47
1761.58
1640.22
1642.95
2162.29
1370.48
1449.01
1525.43
1616.81
1466.42
895.28
1076.36
1626.86
1449.39
1789.66
1633.43
1295.82
766.82
1147.14
1077.64
1784.90
1455.52
1263.80
1837.69
1363.90
1726.80
2020.95
1848.21
1630.11
1641.15
1608.05
1216.66
571.35
1672.02
2044.25
1789.27
1804.45
2287.29
1710.42
1858.55
1285.55
1066.35
1319.16
1730.96
1590.36
1635.89
1225.35
1650.12
1737.72
958.13
1827.02
1405.37
1957.80
2226.30
1262.92
861.63
1586.69
1763.24
1709.57
1685.95
907.54
1928.74
1870.24
1885.95
1387.51
1509.51
2005.74
306.17
601.31
1367.56
852.98
1388.26
1235.56
1728.12
929.50
1241.20
1302.78
1211.00
1738.72
1656.24
1358.18
1207.52
1728.32
1560.38
1545.91
934.71
1886.69
1506.39
1475.68
1317.71
1543.40
1641.72
1262.12
1010.56
435.34
834.73
1606.46
897.45
1408.21
1593.34
1572.48
2069.35
1829.38
1768.12
1651.69
1718.65
1428.78
1905.96
1498.75
1586.19
1844.16
2029.09
1565.21
1747.41
1519.49
1547.57
1797.65
1054.23
1170.64
2019.12
2080.84
1561.03
970.72
1668.28
1923.38
1490.50
1642.49
1650.48
1971.40
1032.72
1705.68
676.40
1258.72
1618.07
700.55
1421.44
1338.50
1986.26
1762.42
1629.72
1188.05
1202.26
1316.94
1954.22
1854.76
1447.88
1731.11
1380.29
967.43
1686.86
1176.97
1614.13
1218.94
1524.07
1846.03
1863.46
2006.33
1507.28
909.24
1882.05
1119.81
1648.93
1355.93
1760.59
1289.69
987.37
1243.12
1717.72
1460.66
1534.88
1084.14
1681.84
1568.78
1814.42
1977.47
1751.85
450.14
1398.03
1152.03
1385.20
2217.61
765.69
1605.71
1870.39
1166.23
1316.21
1818.42
1752.32
1524.17
1693.65
628.76
724.83
1140.26
1555.56
986.84
1641.18
1546.46
1266.20
1483.67
1537.88
849.40
1653.90
1814.08
1884.94
1887.19
1823.58
1503.68
904.98
789.10
1693.35
920.26
1477.01
1518.42
1557.80
934.88
1675.32
1940.24
796.82
1752.36
1020.69
898.31
1805.47
1315.48
1774.87
1833.06
1588.82
926.11
1440.59
968.75
1392.80
1560.65
1068.21
1642.71
1536.03
935.82
860.22
1432.15
1048.32
1851.07
1258.66
1261.87
1785.04
1474.58
816.38
1198.68
1518.32
798.53
597.56
531.08
466.45
1373.48
1825.41
710.75
1601.72
1545.11
1572.66
1609.49
1684.61
1939.00
821.51
1471.68
2128.26
1526.70
1748.40
1355.67
1302.59
1725.88
1372.49
1171.93
1024.29
1597.39
1696.71
1457.06
1171.15
1639.02
789.40
1018.58
910.03
1654.65
984.70
1442.21
849.92
903.15
1422.42
925.37
845.81
442.78
1849.94
977.81
869.35
1896.60
782.29
1972.36
1366.07
1612.70
1830.74
1425.13
803.07
1763.40
1877.00
1742.77
673.29
976.27
852.42
1621.47
611.09
1587.43
1694.30
1489.67
1909.92
1066.55
1075.55
1708.72
1540.05
1933.46
1968.44
1504.37
1680.58
1722.62
676.00
1589.13
1102.88
1769.14
725.36
281.81
866.53
844.90
1735.12
1836.11
1010.49
1355.63
1274.29
921.24
1451.85
1664.08
1392.81
1598.57
1933.77
750.30
1605.47
889.42
1822.39
1126.25
1250.23
1000.31
2014.87
1320.31
1282.19
1923.22
1601.18
1236.25
1847.90
1613.33
1467.04
1892.84
1717.10
1127.97
1478.86
1505.65
1650.13
1238.73
1732.14
1129.52
1621.06
1680.80
1743.82
1777.41
2166.53
2067.36
783.58
1464.23
1959.97
1560.55
706.41
786.08
1158.51
2042.40
1369.32
1489.74
1769.21
747.81
1662.00
1550.39
1752.35
530.94
1018.15
1719.07
1727.43
949.86
1150.65
1929.22
1782.24
1715.43
1682.55
1098.26
600.00
1964.34
1451.76
1210.20
2282.46
1483.72
1724.08
1205.31
1585.16
1713.60
1839.53
1774.80
947.69
1634.53
1434.76
1602.82
1905.55
1434.90
1761.93
1378.50
1755.70
814.05
782.92
1198.40
1341.35
1764.91
1202.43
1850.19
1253.64
1366.35
1493.35
1240.27
1498.45
1157.75
1936.22
1857.40
1286.00
872.27
1107.44
1317.58
2088.69
813.95
1784.08
1512.47
2138.61
1476.02
1952.12
689.95
1650.33
1394.13
994.94
1491.80
1172.63
1047.12
1610.30
1220.98
1811.15
1558.74
1343.68
1676.77
1479.18
1565.95
1400.81
2187.31
1527.89
1213.66
1138.36
1213.47
1916.67
1599.73
1594.17
856.04
1455.13
1832.10
1601.72
1813.01
2078.93
860.29
1562.17
1732.41
1593.02
1021.39
1840.58
633.13
1507.23
1623.51
1570.62
1297.64
745.16
1035.10
1768.24
1107.82
1605.49
1806.58
1542.81
1724.69
1274.09
1961.11
1652.90
1653.21
1805.04
466.39
1308.20
1077.33
1811.04
1720.58
489.62
888.41
1336.14
1755.21
1858.07
1406.13
1885.47
1878.25
1050.33
1558.46
1981.02
1383.26
1538.97
1509.06
1228.83
1937.26
1380.93
1309.46
1307.65
1780.06
1318.09
705.98
1382.56
1892.93
916.08
1522.73
1606.03
1383.36
1500.32
930.35
719.48
1700.24
1664.16
1307.59
1160.18
1925.31
1536.95
1901.68
641.89
1580.76
829.85
1216.93
1401.95
917.03
1005.82
1453.85
815.99
1847.74
1399.05
1292.04
1824.91
1326.71
1457.31
1572.51
1282.98
1350.60
1263.51
1403.08
1661.77
863.51
717.45
1039.09
546.18
2059.03
1713.71
1331.46
1283.59
509.22
1230.68
1392.89
1471.23
1286.15
2257.02
1218.31
1337.08
1544.35
1776.47
1764.50
1668.33
1718.90
1441.75
1851.63
1769.38
1558.56
1591.50
1527.60
714.04
1770.99
1260.53
1079.54
1854.15
1852.28
1842.95
1261.20
1642.55
905.60
840.59
1801.76
1287.13
1709.67
431.63
1454.24
1806.45
861.95
1652.09
1673.18
1942.05
201.18
1336.36
2000.09
1943.88
676.75
1315.55
1596.76
1898.88
1738.12
1974.36
1391.51
1530.67
795.24
1499.09
1150.26
796.24
1365.51
241.24
1965.28
665.45
754.85
1561.38
1322.86
2135.05
1197.16
1928.19
1927.20
914.30
1867.35
1601.17
2077.75
703.82
778.84
1614.89
1694.27
1620.77
654.09
1710.23
2174.53
1184.66
1179.29
661.94
1769.82
1792.41
1658.53
2035.47
1567.38
1540.64
507.01
1094.24
1710.16
1953.96
1780.17
1900.94
814.78
1635.72
1415.62
1967.17
1336.99
1344.70
1618.90
1725.30
711.96
1817.80
1335.74
1539.92
1838.07
1349.07
1356.07
1514.26
1966.98
736.20
922.68
2001.37
1843.20
513.50
1539.86
1538.35
1512.34
1821.77
1829.95
748.75
898.99
1662.74
1524.91
1607.42
813.22
1466.91
947.28
1483.17
1348.65
1554.43
1853.63
1658.95
864.04
1649.14
1563.24
1206.53
1338.37
1850.48
1791.86
1669.20
1690.09
968.24
1953.74
1658.58
1826.25
1920.02
1316.06
1366.61
1602.48
1228.58
1706.07
1737.62
1849.70
1469.94
1730.28
2058.28
630.56
1339.18
685.78
1759.23
1524.80
1671.83
1407.83
730.05
1372.79
1342.16
1464.44
1312.30
1805.09
1927.79
1261.55
1989.05
817.97
1511.01
977.24
1642.81
1236.19
1209.30
1635.18
1388.93
1210.93
651.94
1427.74
1452.60
1481.95
1807.28
1670.09
1457.80
1770.78
1822.06
1491.61
1523.81
1376.30
1184.45
1477.01
1973.38
916.46
961.67
1841.71
746.92
1753.57
1613.47
1529.73
1366.73
1707.08
1314.12
1854.90
1824.11
862.05
1760.25
1192.14
793.70
1359.41
1019.05
1802.09
1890.81
1521.75
1484.62
1668.93
282.17
1556.12
1221.48
1066.48
1750.07
1037.09
772.01
1776.66
950.40
1367.32
1696.72
786.04
1452.87
670.28
694.51
1487.69
1744.54
1153.03
1614.98
1595.82
1256.77
1955.21
1665.41
1592.19
1645.56
1445.28
1377.34
773.90
1751.02
1898.31
761.61
785.56
910.16
1673.03
1815.30
1159.53
1984.03
1243.60
1200.32
1969.80
1334.49
1980.37
785.75
1402.98
1580.59
917.98
1833.44
1300.14
1180.32
1799.51
1290.65
1036.44
1798.36
1953.41
1523.47
1624.89
1218.64
1196.62
1372.19
1640.10
1322.54
1927.96
1669.22
1285.49
1230.65
856.34
1790.71
1635.09
1326.12
1416.55
1881.14
2210.30
731.87
1833.78
1787.84
819.43
266.48
1489.89
1336.05
1367.24
1085.99
990.26
1579.95
1760.62
1479.80
1800.79
1543.00
1507.50
915.26
1521.48
1010.99
1216.19
1261.50
1092.45
1092.47
618.21
943.03
1823.19
2033.01
1694.94
1941.24
1215.56
1603.86
1656.13
1219.81
1327.33
1961.99
1225.17
1755.31
1687.85
2070.03
1566.28
1434.07
1370.07
1954.90
988.30
855.96
1449.58
1581.67
986.91
1032.85
1125.34
1331.36
1859.41
1437.55
1329.20
1844.04
1643.33
1581.65
304.58
420.31
1998.38
1683.24
1006.30
1815.00
917.82
1114.47
725.70
1659.63
1228.99
1968.64
855.86
1450.04
1475.95
686.14
1935.87
1165.36
631.81
1480.49
1692.87
1650.74
1308.77
1878.74
1496.64
659.70
1870.42
2070.54
1446.19
2145.33
1183.26
2179.85
1000.57
1750.63
1033.45
1500.62
920.26
1210.93
1350.62
1528.39
1310.12
1523.52
756.66
802.31
1553.34
1253.54
1922.06
1970.93
1617.58
752.98
1309.70
1072.53
831.81
1625.13
856.31
1469.21
1392.68
1443.88
1434.59
1711.63
918.45
998.21
1823.71
1372.25
1937.31
796.25
811.36
1860.47
1072.55
1298.49
1665.06
1544.40
1304.97
218.05
1843.51
1352.41
1844.54
1312.64
1557.22
1287.41
1927.46
1732.48
1705.23
1631.58
1767.44
748.67
1897.63
1536.97
1511.60
1749.66
1800.16
1483.66
1317.64
1862.30
1720.59
1206.59
1727.19
1348.88
918.16
794.76
1242.01
1978.15
1126.25
846.41
1683.67
835.67
1543.07
1320.40
1149.04
1545.08
1518.47
1585.05
1021.66
1719.54
1331.42
1177.10
1047.16
1489.74
1548.41
1526.53
1107.73
1324.01
870.87
1769.97
1278.87
1575.65
1027.03
2168.02
1796.65
1227.59
1927.52
1217.28
1738.23
1493.94
1269.04
1367.14
1508.12
1370.61
698.17
1594.43
1435.85
937.10
2001.13
1276.03
1862.22
1120.79
1456.96
1037.71
1889.39
1533.72
1880.30
1591.37
1613.80
1749.16
926.57
1621.78
848.75
1422.10
1060.84
1292.64
1194.16
2000.93
1766.99
1609.78
1215.56
1078.26
1353.53
2101.71
1810.91
669.14
1286.26
1123.64
1594.31
1497.99
1502.71
1565.83
1451.19
155.58
1553.16
1791.38
1451.97
1664.12
1104.85
1922.91
1813.97
1186.18
550.68
2182.43
1174.50
1681.68
1730.37
1340.91
1955.01
1236.84
1754.68
1745.76
530.76
1312.05
256.43
1760.28
874.58
954.23
1861.17
2042.01
930.70
1505.37
1562.20
1905.23
1742.54
212.14
1582.12
1172.41
1859.71
1203.75
1996.19
1984.73
2112.93
1484.90
1635.78
1210.82
1507.31
638.75
1720.87
1520.77
986.73
1093.88
1754.55
1368.09
1812.48
291.40
1707.43
1699.36
940.38
1191.81
791.49
1542.59
1245.48
1187.19
1294.02
1112.14
1564.59
1505.95
1148.27
1328.53
1646.08
1220.68
1574.47
1333.36
1769.56
1904.14
1143.76
1199.67
1085.66
1587.59
843.48
625.90
1359.05
825.92
1548.03
1403.39
812.50
1935.71
1011.01
1925.87
1097.94
1231.79
1373.03
731.10
1242.45
1251.11
1397.43
1867.88
846.22
1343.13
1451.40
1700.66
664.34
1433.72
1422.58
885.17
1843.75
1787.55
783.32
1356.96
1316.69
1550.20
1600.48
1373.37
900.69
782.54
2041.75
1210.02
2097.39
1117.99
899.95
1918.89
1370.50
1492.70
1144.40
1325.34
1520.12
1353.01
1278.23
829.32
1323.39
1358.57
1300.01
1514.14
857.14
1390.63
1103.55
1312.94
1407.97
1641.48
1878.60
1599.82
1259.26
1967.71
949.11
1652.55
1248.61
1647.85
1183.23
1215.52
1589.84
1660.21
1711.45
741.17
1270.35
2154.63
1821.61
1730.56
1281.54
1932.25
1768.99
2098.97
1602.91
1526.26
1554.59
1878.99
1460.89
1175.67
1440.68
1501.46
1351.84
657.73
1118.89
1816.28
1293.74
1527.58
1869.84
1848.83
1583.19
893.69
1558.99
1859.15
364.83
1490.44
1355.00
1589.36
1661.34
1085.36
1376.52
746.53
554.77
1306.60
1532.05
2031.19
1772.13
1791.91
1318.42
1718.73
1736.45
1947.56
881.69
1773.83
655.57
936.17
1067.96
1505.81
1029.43
1616.54
1216.58
1565.84
1582.61
1798.81
1423.57
1415.04
1722.21
1328.61
1568.57
1917.42
1584.42
956.24
1260.14
1726.73
1228.43
1334.12
880.25
901.10
1566.56
1788.99
1083.25
837.93
1193.61
1748.95
1412.62
1387.36
957.97
1873.00
1618.70
1588.99
1659.23
1460.89
1128.81
747.73
1392.23
959.96
920.99
1763.89
1956.75
1307.27
2000.83
1023.63
1220.27
1076.65
899.78
1057.72
1302.47
1553.96
1556.13
893.01
1541.73
1804.97
1510.60
1270.26
1672.07
1532.88
1989.73
1279.00
857.12
1411.55
1637.76
1229.66
1242.48
1635.80
1174.02
532.73
1664.50
1634.47
812.34
1171.66
1162.91
898.05
1615.09
1556.35
1304.92
1146.39
1683.99
1632.78
1671.35
1766.85
1440.73
1459.82
1716.62
1752.91
1705.12
1884.24
1848.00
1574.17
1721.17
1153.65
1541.24
1247.70
1253.22
1778.98
1316.82
1178.31
1695.41
680.19
1888.46
1211.31
1006.99
1052.57
1967.73
1555.98
1543.54
1716.22
1406.43
1627.05
799.18
1453.87
956.67
1479.60
1725.75
1052.26
1478.11
1510.97
1028.20
1258.00
912.75
1493.09
1825.00
973.70
1276.96
667.29
1601.22
529.20
1029.96
801.63
1397.82
1554.30
2084.13
2202.60
1386.05
1929.23
648.28
968.04
1891.06
1552.64
1309.02
1438.62
1496.39
1224.99
1847.79
1598.19
1057.21
2127.30
2126.30
2031.70
1664.59
1571.21
805.41
1574.38
1173.85
1534.95
1514.33
1032.91
551.73
1942.29
1400.48
827.94
1514.37
1620.76
1218.99
1571.07
1905.56
1030.69
816.07
1286.69
1783.94
638.23
624.81
590.01
1859.88
1684.38
1396.58
1904.56
1285.57
1952.05
1628.38
1366.06
1653.67
1892.40
1547.96
1317.42
1578.15
926.06
733.70
1541.21
1619.60
1584.61
1572.36
895.03
1813.96
1832.86
1624.94
1990.10
1636.97
1751.76
1416.29
2183.64
1788.13
1226.22
795.00
768.54
1765.74
1061.13
1659.18
1743.73
1493.61
1201.10
1422.39
1412.35
1488.64
744.69
1202.67
1816.98
794.39
1612.10
1045.90
1634.95
1504.79
1044.90
768.76
1481.12
1383.54
1478.61
1496.78
1324.38
1725.41
1198.52
1480.06
1450.29
1879.69
1014.88
1846.25
1698.58
1549.26
573.69
621.38
1843.70
1118.15
850.16
1623.11
946.70
1689.09
1807.73
1606.05
1829.20
1669.59
1544.96
1957.61
1828.04
1179.51
1370.12
1501.86
1454.28
1209.25
1144.29
1496.81
1346.22
1166.10
1656.48
1680.69
1132.51
1507.55
1737.57
711.30
625.65
1735.74
1468.14
1470.85
1712.13
1628.48
1234.24
1074.49
1609.65
1423.26
995.37
1913.08
1456.91
1806.64
1538.63
1600.68
1119.08
1475.75
1746.16
1772.28
2196.39
1047.45
608.64
1358.19
1411.72
930.89
691.33
1717.16
1176.91
1822.93
1210.63
1723.20
1835.15
1691.19
1025.68
1509.20
1644.10
1143.31
697.21
637.12
1210.96
1801.46
1683.49
673.56
1280.29
1372.24
1692.23
1564.70
1757.87
1999.68
1819.01
1489.73
1955.41
961.71
1195.58
448.44
1702.35
1510.32
1330.06
1486.74
1640.44
2154.45
1798.46
1513.70
1502.08
1467.99
1498.65
1589.46
1973.70
1850.33
1393.75
759.60
1678.85
1263.27
1318.96
1408.85
1430.34
1913.37
1082.67
956.01
1228.15
409.77
1605.89
1555.58
1556.53
1500.89
1215.58
1243.75
1310.48
1068.30
509.30
1563.67
844.52
1648.11
1016.41
1777.00
967.02
1834.27
1812.02
1703.56
1587.55
1866.68
1324.28
1928.97
543.82
1232.89
2196.31
1062.62
1248.99
1537.49
1555.40
457.39
1494.85
1489.40
1331.71
1866.47
1804.63
315.62
1512.54
503.09
1627.56
1376.78
1609.86
1448.37
1795.67
1972.19
549.93
120.19
1272.08
1133.50
1129.79
1146.02
929.56
1714.00
862.36
1841.08
1505.34
766.81
842.69
1223.17
1705.93
1687.80
838.11
1641.47
1541.38
1177.31
523.94
775.26
1551.94
1252.70
994.34
1459.83
860.47
1630.62
644.25
1201.60
1707.37
1589.69
2112.98
1576.35
1475.88
926.16
1738.90
789.70
1626.43
1230.90
1630.81
1299.03
1237.47
1505.76
1566.91
1572.30
1472.59
1962.76
1786.51
1835.82
814.77
1841.57
1357.37
1494.01
1916.46
1673.77
1726.66
916.85
1199.69
1220.62
1927.44
1483.39
1418.25
1033.76
785.40
1607.26
1679.28
1870.25
1122.54
995.15
852.67
1492.37
2210.18
1099.52
1818.00
1645.44
1232.25
610.58
1712.95
879.42
1459.16
610.50
1116.56
1204.41
1298.62
1853.99
1987.60
907.27
1713.72
794.66
647.59
1402.03
1222.81
713.09
1583.88
1808.04
1163.39
1543.60
1129.74
1315.97
1533.24
1513.92
1237.53
1238.43
1396.12
393.39
614.00
1606.74
1210.35
1190.33
1211.48
1302.09
1158.35
902.60
1848.56
769.89
863.48
1411.21
1608.23
1583.48
1178.67
1567.31
1652.77
1686.69
1431.46
1891.03
1351.82
1631.29
1782.74
1043.05
1742.50
1545.25
1919.51
1419.29
1250.15
1831.48
1352.18
1811.13
1929.45
1950.39
1844.22
1658.66
1261.60
1579.30
1755.85
1190.78
1234.77
1099.67
1653.02
1941.42
1874.28
1969.25
1349.36
951.76
1463.75
1682.09
1426.04
1787.75
633.26
1433.78
416.71
1503.96
1950.55
1545.75
1588.73
990.02
940.29
1664.29
1390.17
1348.51
1467.98
1342.97
1943.27
1630.61
647.37
1250.87
1801.24
1328.86
1313.45
1524.39
1520.01
1046.00
757.56
461.61
1762.86
890.00
1699.24
1850.32
1581.15
1565.76
1992.09
916.70
1415.94
1502.58
1359.51
1268.98
714.28
1874.58
1574.89
1448.13
438.53
1198.91
1532.83
1616.18
950.81
1863.46
833.98
752.40
1433.06
1280.19
1800.39
670.83
843.75
1551.05
2165.08
1808.85
1403.07
989.05
644.24
1673.91
1420.42
1765.35
366.60
1711.67
1807.52
1715.57
1570.59
1780.89
895.12
731.57
1772.98
1729.61
1642.57
1365.75
1197.10
1355.26
1071.79
878.76
1963.80
969.51
1383.57
1450.64
1055.05
1202.29
1564.31
1914.47
1339.37
551.80
1483.63
1072.14
1331.24
1532.90
1219.47
1739.15
1538.76
1634.74
1959.77
1575.44
1033.59
1441.84
2208.16
1247.01
1602.40
1580.06
1026.96
1291.33
1478.41
808.62
1559.18
750.50
1418.83
1065.41
1153.17
1484.53
701.91
1401.03
1915.78
820.49
2234.74
984.61
1187.31
1003.66
1624.35
1841.48
1128.45
1509.85
1239.72
978.23
787.55
1891.89
1250.32
1889.34
1689.21
1683.24
1031.27
1424.40
1484.50
1789.46
1194.11
1324.34
1682.67
733.26
1910.75
1880.94
1872.56
1815.51
1762.79
1042.40
1671.90
279.64
1393.33
1195.20
1370.91
847.84
2130.59
1290.81
1404.24
912.93
1992.05
972.78
166.80
649.35
1000.89
1920.24
2021.00
1760.67
1632.47
1845.89
1260.35
1565.55
977.49
1249.36
1528.67
882.52
853.48
1687.89
1200.78
770.78
1398.31
1743.03
1342.03
1665.94
1807.06
1293.54
1930.78
1642.43
1515.51
1721.78
1452.07
1209.18
833.11
1027.86
565.65
1628.23
1396.02
1696.03
1502.36
1301.20
1378.72
1310.42
584.96
1747.95
1648.95
1524.79
1818.35
1577.41
1277.91
2131.18
818.29
1304.54
710.30
1739.12
1441.29
989.73
1219.26
1837.87
1809.93
1645.78
1374.16
673.93
2070.40
969.59
1473.59
1442.71
1274.13
1493.92
1329.94
1444.12
1195.71
931.38
1960.24
1600.52
687.03
1807.58
1355.83
1596.00
564.28
1703.66
1512.26
509.44
1218.08
1442.49
285.69
1442.26
1232.01
1437.99
1689.96
1447.35
1398.79
1703.17
2174.11
625.98
1591.82
666.68
1573.65
1422.84
1205.13
1917.87
1646.76
1787.47
1506.73
1397.42
1876.55
1127.43
1786.82
1450.75
1298.14
1228.08
1615.25
440.58
1091.13
941.72
894.33
1789.55
733.70
1069.30
1927.62
1478.38
1206.93
334.92
1298.14
1079.79
1002.45
923.25
831.96
1636.33
1694.89
1911.45
1324.69
1797.98
792.02
1542.02
1661.03
1598.11
1572.26
2216.19
1229.05
1531.28
1404.45
1262.04
1951.37
1851.74
1492.24
1031.47
1710.81
744.50
1410.48
825.30
1850.16
1486.48
1215.72
1592.81
1600.45
2090.31
1617.27
163.11
1578.58
1725.82
1308.97
988.47
1360.78
1560.56
1374.96
971.16
2039.46
1696.13
1599.00
2054.76
1976.89
1465.11
1332.52
1621.16
1570.19
1382.64
466.18
1595.05
1796.30
1000.70
1174.94
1710.21
667.86
515.40
653.76
1832.58
1307.91
